Yil	ilKodu	ilAdi	Genel	Genel.Erkek	Genel.Kadin	OkurYazarDegil	OkurYazarDegil.Erkek	OkurYazarDegil.Kadin	OkulsuzOkurYazar	OkulsuzOkurYazar.Erkek	OkulsuzOkurYazar.Kadin	Ilkokul	Ilkokul.Erkek	Ilkokul.Kadin	Ilkogretim	Ilkogretim.Erkek	Ilkogretim.Kadin	Ortaokul	Ortaokul.Erkek	Ortaokul.Kadin	Lise	Lise.Erkek	Lise.Kadin	Lisans	Lisans.Erkek	Lisans.Kadin	Yuksek.Lisans	Yuksek.Lisans.Erkek	Yuksek.Lisans.Kadin	Doktora	Doktora.Erkek	Doktora.Kadin	Bilinmeyen	Bilinmeyen.Erkek	Bilinmeyen.Kadin
2008	14	  Bolu	214072	106009	108063	14914	2861	12053	13398	5103	8295	87766	39558	48208	20341	10777	9564	9630	6832	2798	43246	26209	17037	13735	8647	5088	647	393	254	296	192	104	10099	5437	4662
2008	18	  Çankırı	138185	68564	69621	15267	3259	12008	9402	3713	5689	53364	24392	28972	15553	8261	7292	7722	5667	2055	22602	14523	8079	6706	4572	2134	392	263	129	52	34	18	7125	3880	3245
2008	37	  Kastamonu	288735	140216	148519	44038	9624	34414	20452	8551	11901	115747	55864	59883	29453	14832	14621	12674	9767	2907	40737	25770	14967	13165	8667	4498	568	362	206	131	87	44	11770	6692	5078
2008	57	  Sinop	159039	77555	81484	21226	5296	15930	13674	6007	7667	62274	30600	31674	17762	8950	8812	6344	4470	1874	21055	12205	8850	8493	5363	3130	235	155	80	55	38	17	7921	4471	3450
2008	67	  Zonguldak	486445	237176	249269	47668	7391	40277	27624	9219	18405	190610	92138	98472	52454	26546	25908	25243	17223	8020	90536	54118	36418	26685	16209	10476	1305	805	500	317	216	101	24003	13311	10692
2008	74	  Bartın	146894	70928	75966	17733	3694	14039	11043	4221	6822	61625	30165	31460	16153	7997	8156	5216	3668	1548	19182	11759	7423	6714	4276	2438	313	212	101	61	40	21	8854	4896	3958
2008	78	  Karabük	172017	83897	88120	17046	3213	13833	11042	3588	7454	66114	30530	35584	17239	8817	8422	10360	7337	3023	31844	19186	12658	10842	7047	3795	384	259	125	120	95	25	7026	3825	3201
2008	81	  Düzce	247571	122397	125174	18971	3368	15603	18243	6175	12068	103245	50659	52586	26346	13242	13104	10877	7419	3458	42423	25470	16953	11928	7735	4193	605	372	233	184	126	58	14749	7831	6918
2009	14	  Bolu	217182	107484	109698	14393	2699	11694	12526	4555	7971	88521	39720	48801	20998	11150	9848	9555	6769	2786	45683	27635	18048	17467	10447	7020	688	419	269	403	257	146	6948	3833	3115
2009	18	  Çankırı	146050	72770	73280	15049	3110	11939	9130	3475	5655	56967	26152	30815	16371	8555	7816	8283	6070	2213	25380	16132	9248	8532	5682	2850	454	287	167	109	77	32	5775	3230	2545
2009	37	  Kastamonu	289287	141150	148137	41793	8993	32800	19371	7953	11418	116305	55845	60460	30571	15448	15123	12512	9619	2893	42105	26996	15109	16639	10334	6305	613	390	223	164	118	46	9214	5454	3760
2009	57	  Sinop	159906	78090	81816	18838	4729	14109	12538	5402	7136	65126	31541	33585	18142	9128	9014	6356	4472	1884	22205	12885	9320	10251	6262	3989	272	163	109	93	62	31	6085	3446	2639
2009	67	  Zonguldak	487993	238616	249377	45786	6913	38873	26131	8439	17692	191020	92012	99008	54633	28038	26595	25062	17090	7972	93793	56434	37359	32321	18962	13359	1379	836	543	447	297	150	17421	9595	7826
2009	74	  Bartın	150108	73322	76786	17184	3486	13698	10570	3927	6643	62861	30947	31914	17880	9133	8747	5312	3720	1592	20738	12911	7827	8360	5168	3192	339	225	114	102	78	24	6762	3727	3035
2009	78	  Karabük	174986	86819	88167	16330	3010	13320	10264	3317	6947	66372	30450	35922	18107	9712	8395	10138	7195	2943	33936	20975	12961	13730	8659	5071	456	309	147	172	133	39	5481	3059	2422
2009	81	  Düzce	253764	126198	127566	18353	3185	15168	17029	5572	11457	104618	51105	53513	29248	15009	14239	10866	7352	3514	46693	28201	18492	15376	9508	5868	668	420	248	265	191	74	10648	5655	4993
2010	14	  Bolu	217183	106313	110870	13164	2388	10776	11446	4005	7441	74135	31012	43123	34150	18174	15976	10570	7201	3369	48513	28823	19690	17584	10632	6952	1079	646	433	511	313	198	6031	3119	2912
2010	18	  Çankırı	141779	70189	71590	13538	2710	10828	8076	3004	5072	46552	19924	26628	24730	13387	11343	8547	6012	2535	26496	16636	9860	8400	5630	2770	600	394	206	166	116	50	4674	2376	2298
2010	37	  Kastamonu	291887	143384	148503	35721	7443	28278	21250	8213	13037	101835	46335	55500	46660	25320	21340	13707	10116	3591	46348	29810	16538	17306	10983	6323	904	573	331	247	155	92	7909	4436	3473
2010	57	  Sinop	162089	79273	82816	15461	3766	11695	13008	5121	7887	57738	26685	31053	27538	14722	12816	7157	4910	2247	24540	14214	10326	10719	6632	4087	444	277	167	139	87	52	5345	2859	2486
2010	67	  Zonguldak	490388	241171	249217	40750	6050	34700	25175	7724	17451	156166	65313	90853	88805	53873	34932	27158	17947	9211	101906	61699	40207	33361	19750	13611	1790	1076	714	531	325	206	14746	7414	7332
2010	74	  Bartın	150264	72860	77404	14567	2939	11628	10915	3623	7292	49578	21601	27977	31922	18427	13495	5788	3920	1868	22697	13852	8845	8784	5438	3346	457	313	144	134	96	38	5422	2651	2771
2010	78	  Karabük	184696	96000	88696	14943	2783	12160	10230	3671	6559	53688	22726	30962	33619	20177	13442	10944	7474	3470	40577	26179	14398	14770	9523	5247	748	503	245	229	167	62	4948	2797	2151
2010	81	  Düzce	257073	126726	130347	16426	2715	13711	15124	4783	10341	83769	36155	47614	51622	29208	22414	12281	8082	4199	50697	30140	20557	16689	10285	6404	929	603	326	333	224	109	9203	4531	4672
2011	14	  Bolu	222280	109652	112628	12042	2134	9908	11313	3964	7349	70879	29574	41305	39275	20796	18479	9538	6481	3057	50987	30405	20582	21750	12813	8937	1209	730	479	546	334	212	4741	2421	2320
2011	18	  Çankırı	141207	70075	71132	10999	1991	9008	8410	2998	5412	46241	19606	26635	26869	14520	12349	7606	5311	2295	28309	17578	10731	10083	6527	3556	645	432	213	172	124	48	1873	988	885
2011	37	  Kastamonu	291026	142538	148488	30051	6067	23984	23560	8125	15435	100335	45404	54931	50561	26980	23581	12373	8989	3384	48292	31239	17053	20445	12704	7741	988	614	374	266	164	102	4155	2252	1903
2011	57	  Sinop	163282	80251	83031	11618	2669	8949	14691	5201	9490	57859	26519	31340	30533	16589	13944	6720	4599	2121	25378	14859	10519	12872	7847	5025	491	296	195	147	90	57	2973	1582	1391
2011	67	  Zonguldak	485570	237243	248327	37586	5339	32247	24697	6833	17864	150272	62676	87596	94223	55851	38372	23659	14895	8764	102990	62257	40733	39104	22653	16451	1957	1165	792	585	361	224	10497	5213	5284
2011	74	  Bartın	150458	73026	77432	11634	2492	9142	12518	3499	9019	47637	20976	26661	34670	19365	15305	5234	3392	1842	23389	14320	9069	10700	6529	4171	521	352	169	148	104	44	4007	1997	2010
2011	78	  Karabük	177605	88798	88807	13522	2361	11161	9473	2886	6587	51686	21663	30023	33153	18335	14818	9645	6462	3183	38863	24090	14773	17149	10712	6437	849	574	275	280	210	70	2985	1505	1480
2011	81	  Düzce	261644	129340	132304	14892	2320	12572	14785	4377	10408	80242	34295	45947	57861	32113	25748	11146	7163	3983	54743	32764	21979	20231	12260	7971	1034	673	361	370	249	121	6340	3126	3214
2012	14	  Bolu	226874	112053	114821	11337	1946	9391	11179	3837	7342	70581	29338	41243	40595	21652	18943	9644	6577	3067	54144	31752	22392	23147	13606	9541	1260	764	496	545	334	211	4442	2247	2195
2012	18	  Çankırı	147687	73596	74091	9905	1779	8126	9077	2962	6115	47173	19807	27366	27971	14979	12992	7917	5529	2388	31337	19525	11812	11392	7382	4010	659	439	220	175	127	48	2081	1067	1014
2012	37	  Kastamonu	291946	142712	149234	28032	5557	22475	23518	7777	15741	99481	44852	54629	51061	27381	23680	12345	8950	3395	50381	31915	18466	21945	13434	8511	1040	643	397	267	164	103	3876	2039	1837
2012	57	  Sinop	162838	79852	82986	10519	2333	8186	14738	5026	9712	57099	25989	31110	30948	16825	14123	6684	4567	2117	25691	14954	10737	13641	8261	5380	527	307	220	150	93	57	2841	1497	1344
2012	67	  Zonguldak	483047	235914	247133	35883	4971	30912	24390	6604	17786	147446	61074	86372	96191	56994	39197	23379	14749	8630	102716	61970	40746	40913	23296	17617	2003	1188	815	573	346	227	9553	4722	4831
2012	74	  Bartın	152415	74405	78010	10176	2266	7910	13203	3451	9752	47038	20573	26465	36040	20374	15666	5251	3406	1845	24774	15030	9744	11485	6931	4554	568	390	178	153	111	42	3727	1873	1854
2012	78	  Karabük	183743	92562	91181	12825	2153	10672	9255	2711	6544	51180	21424	29756	34201	19068	15133	9694	6509	3185	43168	26440	16728	19496	12088	7408	870	579	291	302	224	78	2752	1366	1386
2012	81	  Düzce	266558	132501	134057	13088	2108	10980	15930	4403	11527	79070	33505	45565	61738	34535	27203	11148	7171	3977	55583	33436	22147	22594	13405	9189	1082	706	376	380	249	131	5945	2983	2962
2013	14	  Bolu	228965	112668	116297	10878	1827	9051	10918	3607	7311	70238	28990	41248	41057	21549	19508	9641	6560	3081	53208	31509	21699	25937	14834	11103	1920	1126	794	697	434	263	4471	2232	2239
2013	18	  Çankırı	154032	76680	77352	9672	1698	7974	9237	2994	6243	48850	20447	28403	29784	16019	13765	8294	5787	2507	30859	19131	11728	13875	8643	5232	890	596	294	221	158	63	2350	1207	1143
2013	37	  Kastamonu	300921	148583	152338	25870	4926	20944	24712	7882	16830	101077	45561	55516	52465	28282	24183	12457	9023	3434	50051	31798	18253	28351	17757	10594	1596	1025	571	371	230	141	3971	2099	1872
2013	57	  Sinop	166348	81753	84595	10036	2198	7838	14868	5005	9863	57650	26140	31510	31777	17409	14368	6755	4609	2146	25395	14869	10526	15944	9415	6529	703	425	278	218	117	101	3002	1566	1436
2013	67	  Zonguldak	480965	234851	246114	34301	4650	29651	23920	6291	17629	144648	59584	85064	94819	56112	38707	22955	14476	8479	101568	61647	39921	45896	25405	20491	2700	1578	1122	767	458	309	9391	4650	4741
2013	74	  Bartın	153667	75201	78466	9636	2127	7509	12989	3310	9679	46645	20285	26360	36425	20686	15739	5225	3406	1819	24736	15032	9704	13368	7849	5519	791	521	270	194	138	56	3658	1847	1811
2013	78	  Karabük	189125	95951	93174	12362	2027	10335	9557	3064	6493	50686	21035	29651	35006	19885	15121	9654	6478	3176	45875	28059	17816	21341	12732	8609	1406	925	481	439	323	116	2799	1423	1376
2013	81	  Düzce	271394	135215	136179	12530	1997	10533	15736	4217	11519	78035	32745	45290	62906	35167	27739	11135	7161	3974	57315	34984	22331	25816	14674	11142	1570	985	585	527	353	174	5824	2932	2892
2014	14	  Bolu	229370	111924	117446	10604	1705	8899	10607	3363	7244	69354	28384	40970	35331	17978	17353	16263	10031	6232	53972	31692	22280	28371	16134	12237	2029	1206	823	728	452	276	2111	979	1132
2014	18	  Çankırı	148650	73943	74707	9259	1566	7693	8748	2758	5990	46530	19393	27137	24504	13062	11442	12375	8106	4269	29948	18479	11469	14814	9149	5665	968	636	332	239	162	77	1265	632	633
2014	37	  Kastamonu	302336	149104	153232	24828	4617	20211	23658	7278	16380	99028	44539	54489	46114	24617	21497	21034	13568	7466	52267	32678	19589	31241	19464	11777	1739	1113	626	393	244	149	2034	986	1048
2014	57	  Sinop	167308	82356	84952	9844	2080	7764	14147	4693	9454	57338	26017	31321	27798	15285	12513	11781	7361	4420	26173	15351	10822	17525	10129	7396	776	466	310	249	142	107	1677	832	845
2014	67	  Zonguldak	480347	235035	245312	33524	4437	29087	23059	5845	17214	141782	58414	83368	81900	48286	33614	38015	23113	14902	104406	63590	40816	49752	27274	22478	2759	1614	1145	784	464	320	4366	1998	2368
2014	74	  Bartın	154305	75021	79284	9372	2005	7367	12555	3081	9474	46102	20093	26009	33579	18942	14637	9655	5866	3789	25543	14939	10604	14518	8505	6013	876	562	314	222	150	72	1883	878	1005
2014	78	  Karabük	190065	96079	93986	12030	1898	10132	9029	2621	6408	49712	20593	29119	29607	16604	13003	15653	9817	5836	47370	28861	18509	23385	13775	9610	1496	964	532	477	346	131	1306	600	706
2014	81	  Düzce	275623	137620	138003	12237	1897	10340	15314	4019	11295	76621	32135	44486	56248	31532	24716	21195	12614	8581	60015	36336	23679	28862	16259	12603	1664	1029	635	549	375	174	2918	1424	1494
2015	14	  Bolu	234680	115503	119177	10204	1612	8592	10192	3147	7045	69247	28321	40926	31627	16430	15197	20317	12291	8026	57119	33400	23719	31687	17863	13824	2131	1248	883	798	495	303	1358	696	662
2015	18	  Çankırı	145765	72266	73499	8682	1434	7248	8052	2403	5649	44824	18550	26274	20862	11026	9836	14651	9256	5395	30565	18415	12150	15939	9865	6074	1031	687	344	252	170	82	907	460	447
2015	37	  Kastamonu	303772	148563	155209	23221	4199	19022	22926	6726	16200	99170	44531	54639	40818	21937	18881	25834	16222	9612	56263	34297	21966	31715	18509	13206	1804	1085	719	452	282	170	1569	775	794
2015	57	  Sinop	166586	81947	84639	9418	1938	7480	13234	4277	8957	56726	25627	31099	24212	13415	10797	14163	8603	5560	27018	15626	11392	19350	11094	8256	851	522	329	282	166	116	1332	679	653
2015	67	  Zonguldak	479275	234812	244463	32590	4206	28384	22199	5330	16869	140976	58154	82822	71061	42556	28505	46474	27786	18688	105691	63988	41703	54304	29582	24722	3088	1784	1304	862	511	351	2030	915	1115
2015	74	  Bartın	156108	76290	79818	9061	1901	7160	12195	2910	9285	46318	20165	26153	30208	17152	13056	12650	7553	5097	27870	16335	11535	15739	9077	6662	954	618	336	250	163	87	863	416	447
2015	78	  Karabük	194569	97334	97235	11621	1770	9851	8599	2300	6299	49744	20520	29224	25361	14048	11313	18771	11523	7248	51258	29803	21455	26479	15675	10804	1663	1059	604	521	376	145	552	260	292
2015	81	  Düzce	280714	140574	140140	11751	1782	9969	14699	3690	11009	76241	31906	44335	49366	27855	21511	28330	16569	11761	63011	37909	25102	32740	18281	14459	1787	1090	697	615	418	197	2174	1074	1100
2016	14	  Bolu	242566	118950	123616	9693	1486	8207	9665	2847	6818	66407	27387	39020	28221	14751	13470	25526	14337	11189	64691	36565	28126	34201	19168	15033	2245	1339	906	837	519	318	1080	551	529
2016	18	  Çankırı	147015	72884	74131	8128	1308	6820	7617	2200	5417	42858	17874	24984	18990	10222	8768	17295	10148	7147	33256	19775	13481	16686	10040	6646	1048	688	360	276	185	91	861	444	417
2016	37	  Kastamonu	309483	153055	156428	21955	3867	18088	21866	6241	15625	96248	43411	52837	38550	21575	16975	31484	18649	12835	61334	37168	24166	34434	20092	14342	1888	1144	744	488	312	176	1236	596	640
2016	57	  Sinop	168003	82763	85240	8962	1799	7163	12474	3951	8523	54175	24514	29661	22286	12496	9790	18480	10487	7993	28810	16517	12293	20451	11685	8766	918	561	357	302	178	124	1145	575	570
2016	67	  Zonguldak	482804	236142	246662	31144	3906	27238	21259	4837	16422	134169	55572	78597	63667	38675	24992	57204	32170	25034	111427	66420	45007	57723	31247	26476	3138	1785	1353	853	501	352	2220	1029	1191
2016	74	  Bartın	158070	77249	80821	8504	1737	6767	11724	2704	9020	44308	19644	24664	27877	16086	11791	16376	8760	7616	30254	17523	12731	16817	9527	7290	1023	645	378	259	171	88	928	452	476
2016	78	  Karabük	198784	99219	99565	10991	1610	9381	8169	2059	6110	46991	19638	27353	22330	12505	9825	22363	12610	9753	56389	32170	24219	28790	16909	11881	1737	1106	631	542	394	148	482	218	264
2016	81	  Düzce	289091	144295	144796	11253	1631	9622	14027	3364	10663	72994	30448	42546	46189	26430	19759	35124	19589	15535	69521	40579	28942	35827	19855	15972	1901	1169	732	658	439	219	1597	791	806
2017	14	  Bolu	245436	120699	124737	9100	1356	7744	9233	2637	6596	65191	26657	38534	28890	15065	13825	27011	15141	11870	65365	37355	28010	35321	19455	15866	3190	1834	1356	1072	670	402	1063	529	534
2017	18	  Çankırı	148962	74459	74503	7643	1197	6446	7287	2067	5220	41971	17287	24684	19949	10889	9060	18269	10744	7525	33642	20122	13520	17597	10597	7000	1402	885	517	385	253	132	817	418	399
2017	37	  Kastamonu	306185	149975	156210	20632	3523	17109	20757	5715	15042	94455	42217	52238	37881	20550	17331	33115	19535	13580	60346	36243	24103	34558	19677	14881	2602	1562	1040	690	418	272	1149	535	614
2017	57	  Sinop	170067	83853	86214	8461	1678	6783	11760	3634	8126	53463	24063	29400	23428	13192	10236	19332	11012	8320	29801	16825	12976	20866	11783	9083	1366	836	530	425	251	174	1165	579	586
2017	67	  Zonguldak	484091	236547	247544	29674	3605	26069	20483	4482	16001	131306	54082	77224	63913	38568	25345	59278	33314	25964	112674	66892	45782	58941	31498	27443	4338	2385	1953	1097	634	463	2387	1087	1300
2017	74	  Bartın	159702	78095	81607	8030	1627	6403	11371	2538	8833	43262	19061	24201	28028	16155	11873	17946	9547	8399	30885	17806	13079	17445	9790	7655	1345	836	509	366	245	121	1024	490	534
2017	78	  Karabük	199321	99244	100077	10389	1475	8914	7784	1864	5920	46377	19178	27199	22341	12307	10034	23677	13323	10354	55309	31687	23622	29944	17281	12663	2289	1395	894	734	528	206	477	206	271
2017	81	  Düzce	295282	146852	148430	10676	1528	9148	13506	3130	10376	71705	29572	42133	47282	26744	20538	37021	20466	16555	71631	41574	30057	38116	20825	17291	2870	1665	1205	881	582	299	1594	766	828
2018	14	  Bolu	250748	123292	127456	8604	1239	7365	8822	2378	6444	62377	25346	37031	30163	15323	14840	28900	16183	12717	68499	38962	29537	37482	20598	16884	3726	2056	1670	1072	669	403	1103	538	565
2018	18	  Çankırı	173771	87600	86171	7661	1130	6531	7388	1936	5452	46902	19213	27689	24223	13054	11169	22731	13215	9516	41495	25158	16337	20594	12241	8353	1558	983	575	407	264	143	812	406	406
2018	37	  Kastamonu	316122	156274	159848	18969	3147	15822	20995	5405	15590	93588	41640	51948	40287	21766	18521	35905	21019	14886	63965	38959	25006	37549	21568	15981	2953	1779	1174	730	454	276	1181	537	644
2018	57	  Sinop	181198	89466	91732	8346	1620	6726	11564	3443	8121	53856	24266	29590	26339	14580	11759	21735	12271	9464	33465	18838	14627	22434	12538	9896	1485	886	599	455	266	189	1519	758	761
2018	67	  Zonguldak	487838	239848	247990	27997	3271	24726	19769	4101	15668	123375	50995	72380	66997	39508	27489	60772	33680	27092	118902	70757	48145	61472	33029	28443	4909	2701	2208	1100	637	463	2545	1169	1376
2018	74	  Bartın	164637	81095	83542	7591	1507	6084	11024	2330	8694	41199	18222	22977	29612	17089	12523	19718	10364	9354	34205	19670	14535	18292	10202	8090	1455	893	562	393	260	133	1148	558	590
2018	78	  Karabük	201366	99923	101443	9896	1367	8529	7492	1710	5782	44124	18350	25774	23907	12727	11180	24136	13503	10633	57047	32546	24501	30990	17473	13517	2474	1466	1008	737	529	208	563	252	311
2018	81	  Düzce	302399	150296	152103	10142	1401	8741	12892	2850	10042	67656	27579	40077	48645	27169	21476	39119	21294	17825	76768	44488	32280	41198	22156	19042	3319	1914	1405	889	585	304	1771	860	911
2019	14	  Bolu	252495	123967	128528	7946	1118	6828	8364	2158	6206	60900	24542	36358	22860	11319	11541	37055	20581	16474	69933	39816	30117	39151	20979	18172	4027	2215	1812	1092	678	414	1167	561	606
2019	18	  Çankırı	156878	78490	78388	6864	964	5900	6674	1691	4983	41390	16935	24455	14871	7521	7350	27000	15475	11525	37587	22689	14898	19619	11535	8084	1666	1012	654	391	249	142	816	419	397
2019	37	  Kastamonu	312956	154410	158546	17375	2774	14601	19538	4862	14676	90078	39718	50360	28484	15551	12933	48599	27586	21013	65640	39558	26082	38049	21414	16635	3258	1930	1328	747	464	283	1188	553	635
2019	57	  Sinop	180007	89300	90707	7703	1428	6275	10699	3121	7578	51930	23154	28776	18953	10548	8405	29218	16685	12533	34752	19480	15272	22996	12827	10169	1643	954	689	470	271	199	1643	832	811
2019	67	  Zonguldak	486782	239710	247072	26418	2963	23455	18797	3781	15016	120072	49313	70759	49892	30348	19544	77824	42726	35098	121267	72073	49194	63295	33699	29596	5292	2873	2419	1115	642	473	2810	1292	1518
2019	74	  Bartın	164330	80413	83917	7079	1368	5711	10491	2133	8358	39888	17491	22397	21449	12630	8819	27268	14320	12948	35724	20079	15645	19156	10543	8613	1628	980	648	410	270	140	1237	599	638
2019	78	  Karabük	200335	98308	102027	9271	1233	8038	7115	1566	5549	42918	17660	25258	18379	9613	8766	30010	16734	13276	55465	31541	23924	33110	17612	15498	2771	1589	1182	742	530	212	554	230	324
2019	81	  Düzce	306298	152446	153852	9434	1237	8197	12216	2570	9646	65945	26620	39325	35100	20085	15015	53776	28975	24801	79532	46050	33482	43570	23184	20386	3828	2167	1661	906	591	315	1991	967	1024
