Yil	ilKodu	ilAdi	Genel	Genel.Erkek	Genel.Kadin	OkurYazarDegil	OkurYazarDegil.Erkek	OkurYazarDegil.Kadin	OkulsuzOkurYazar	OkulsuzOkurYazar.Erkek	OkulsuzOkurYazar.Kadin	Ilkokul	Ilkokul.Erkek	Ilkokul.Kadin	Ilkogretim	Ilkogretim.Erkek	Ilkogretim.Kadin	Ortaokul	Ortaokul.Erkek	Ortaokul.Kadin	Lise	Lise.Erkek	Lise.Kadin	Lisans	Lisans.Erkek	Lisans.Kadin	Yuksek.Lisans	Yuksek.Lisans.Erkek	Yuksek.Lisans.Kadin	Doktora	Doktora.Erkek	Doktora.Kadin	Bilinmeyen	Bilinmeyen.Erkek	Bilinmeyen.Kadin
2019	1	Adana	1667391	825056	842335	64192	9004	55188	74209	19334	54875	313584	126431	187153	151620	91950	59670	344889	189777	155112	424630	233454	191176	256117	134637	121480	23417	13032	10385	4132	2366	1766	10601	5071	5530
2019	2	Adıyaman	443356	222314	221042	31004	4776	26228	18705	6249	12456	73567	30729	42838	45474	24405	21069	103772	58187	45585	103703	59099	44604	60154	34434	25720	4366	3076	1290	790	537	253	1821	822	999
2019	3	  Afyon	561778	276176	285602	15507	1645	13862	23167	4896	18271	153751	58765	94986	58078	32181	25897	111698	62376	49322	121874	72180	49694	66267	37517	28750	6411	3876	2535	1298	859	439	3727	1881	1846
2019	4	  Ağrı	347376	181292	166084	29948	4438	25510	38360	12962	25398	59151	29764	29387	28721	19945	8776	94829	55931	38898	58552	36470	22082	31268	18488	12780	2010	1412	598	370	254	116	4167	1628	2539
2019	5	  Amasya	273043	136970	136073	8627	1386	7241	11871	3101	8770	69740	27878	41862	24334	12562	11772	46453	25160	21293	64889	38534	26355	42010	25302	16708	3295	2140	1155	591	358	233	1233	549	684
2019	6	  Ankara	4331344	2127706	2203638	84912	9541	75371	85410	16669	68741	676819	238992	437827	274256	147826	126430	728500	397339	331161	1240303	666581	573722	1022142	535273	486869	151235	80894	70341	34442	19279	15163	33325	15312	18013
2019	7	  Antalya	1879581	950532	929049	21701	3157	18544	66924	14315	52609	378101	160546	217555	166570	93895	72675	350100	195567	154533	495582	275936	219646	341291	176612	164679	29524	15929	13595	5326	3144	2182	24462	11431	13031
2019	8	  Artvin	142281	71504	70777	4836	647	4189	5871	1178	4693	31145	11103	20042	11008	6492	4516	23010	12849	10161	41353	24982	16371	22603	12860	9743	1542	962	580	373	240	133	540	191	349
2019	9	  Aydın	890381	440249	450132	17587	2646	14941	40149	9721	30428	227849	98640	129209	83520	48273	35247	155199	86815	68384	203490	108709	94781	140359	73503	66856	11780	6509	5271	2326	1382	944	8122	4051	4071
2019	10	  Balıkesir	1013266	503353	509913	21360	3889	17471	40302	11657	28645	281742	113657	168085	83154	46616	36538	162920	90230	72690	238906	134970	103936	161972	89589	72383	12611	7378	5233	2161	1357	804	8138	4010	4128
2019	11	  Bilecik	175414	89539	85875	3295	536	2759	3412	875	2537	44091	16626	27465	16351	8684	7667	29877	16958	12919	48612	29061	19551	26741	15056	11685	1983	1174	809	410	252	158	642	317	325
2019	12	  Bingöl	204669	103385	101284	13780	2435	11345	11284	3516	7768	25201	11279	13922	19832	11131	8701	44546	24134	20412	59493	32181	27312	26921	16338	10583	2093	1506	587	420	311	109	1099	554	545
2019	13	  Bitlis	234327	121045	113282	15196	2272	12924	18085	4718	13367	31230	13651	17579	23084	13391	9693	65111	36332	28779	51019	31384	19635	27625	17518	10107	1795	1274	521	354	246	108	828	259	569
2019	14	  Bolu	252495	123967	128528	7946	1118	6828	8364	2158	6206	60900	24542	36358	22860	11319	11541	37055	20581	16474	69933	39816	30117	39151	20979	18172	4027	2215	1812	1092	678	414	1167	561	606
2019	15	  Burdur	221748	110914	110834	5498	738	4760	8132	1583	6549	61726	25711	36015	19314	10610	8704	35293	20155	15138	52070	29643	22427	34702	19524	15178	3080	1944	1136	722	440	282	1211	566	645
2019	16	  Bursa	2355278	1171027	1184251	58434	7918	50516	60217	14932	45285	484539	184569	299970	240370	131494	108876	445094	241106	203988	615441	353329	262112	386571	203903	182668	33157	18302	14855	5058	3026	2032	26397	12448	13949
2019	17	  Çanakkale	449436	224306	225130	6005	1244	4761	17929	5692	12237	128561	53257	75304	32951	18220	14731	65975	36244	29731	109532	61422	48110	77259	42113	35146	7471	4067	3404	1895	1128	767	1858	919	939
2019	18	  Çankırı	156878	78490	78388	6864	964	5900	6674	1691	4983	41390	16935	24455	14871	7521	7350	27000	15475	11525	37587	22689	14898	19619	11535	8084	1666	1012	654	391	249	142	816	419	397
2019	19	  Çorum	420099	206791	213308	20935	3752	17183	26695	7733	18962	110019	47118	62901	43965	24490	19475	74272	41018	33254	84582	48838	35744	51855	29414	22441	4090	2519	1571	811	520	291	2875	1389	1486
2019	20	  Denizli	819254	406122	413132	11951	1626	10325	33728	6335	27393	199683	85395	114288	86174	46940	39234	143211	80702	62509	200237	109476	90761	125896	65607	60289	10569	5982	4587	2287	1349	938	5518	2710	2808
2019	21	  Diyarbakır	1174221	587935	586286	90577	14208	76369	113231	29102	84129	139583	65874	73709	97330	60393	36937	315661	174602	141059	250069	146731	103338	150163	86026	64137	12623	8468	4155	1873	1330	543	3111	1201	1910
2019	22	  Edirne	347375	176424	170951	8552	1760	6792	12250	3973	8277	95112	41180	53932	28393	15587	12806	53252	30968	22284	89521	50460	39061	52006	28157	23849	5168	2743	2425	1544	845	699	1577	751	826
2019	23	  Elazığ	457129	224187	232942	19302	3479	15823	32874	5654	27220	73328	26283	47045	37550	21079	16471	94071	50737	43334	117442	69417	48025	70264	40200	30064	7583	4655	2928	1864	1263	601	2851	1420	1431
2019	24	  Erzincan	186842	95272	91570	9190	1300	7890	7504	1820	5684	34834	14537	20297	14301	7782	6519	32391	18361	14030	52370	29517	22853	30275	18338	11937	2801	1865	936	715	490	225	2461	1262	1199
2019	25	  Erzurum	563257	277951	285306	33786	4698	29088	29981	8076	21905	107814	39917	67897	41909	23612	18297	122243	68596	53647	137858	81594	56264	74442	43270	31172	8413	5006	3407	2639	1737	902	4172	1445	2727
2019	26	  Eskişehir	710889	352712	358177	13012	1629	11383	13735	2931	10804	147737	51767	95970	53633	27424	26209	109542	58949	50593	210675	123705	86970	136512	72836	63676	15399	8129	7270	4292	2363	1929	6352	2979	3373
2019	27	  Gaziantep	1385606	694278	691328	56058	5795	50263	65290	16889	48401	263109	99118	163991	178585	110476	68109	352269	199510	152759	272494	155210	117284	166146	89812	76334	15552	9620	5932	2473	1523	950	13630	6325	7305
2019	28	  Giresun	370711	183426	187285	18715	2763	15952	29930	6280	23650	81702	39550	42152	30611	17137	13474	60315	33936	26379	88460	50643	37817	52673	28587	24086	3916	2247	1669	940	587	353	3449	1696	1753
2019	29	  Gümüşhane	133046	67033	66013	5166	669	4497	8009	2602	5407	25141	10624	14517	10970	5627	5343	19371	10974	8397	34588	20440	14148	19211	10472	8739	1417	877	540	389	266	123	8784	4482	4302
2019	30	  Hakkari	197767	108366	89401	9795	2179	7616	10278	3472	6806	15342	7935	7407	12279	6332	5947	63699	33850	29849	57098	35296	21802	25906	17503	8403	1076	811	265	141	87	54	2153	901	1252
2019	31	  Hatay	1171078	583137	587941	27490	5439	22051	76119	16107	60012	258607	115949	142658	116094	65157	50937	253906	139482	114424	247037	136976	110061	158362	85668	72694	11638	7112	4526	1928	1213	715	19897	10034	9863
2019	32	  Isparta	356173	175568	180605	9051	1186	7865	10599	2228	8371	81622	32241	49381	26893	14007	12886	54975	30588	24387	102356	56038	46318	59716	33152	26564	6435	3607	2828	2149	1411	738	2377	1110	1267
2019	33	Mersin	1387559	686551	701008	31778	4788	26990	72694	17191	55503	300430	124627	175803	123294	72096	51198	273571	150893	122678	333625	183927	149698	220726	116080	104646	17227	9739	7488	2779	1593	1186	11435	5617	5818
2019	34	  İstanbul	11636096	5788054	5848042	244848	31082	213766	309118	80972	228146	2049896	815575	1234321	1026840	593776	433064	2229541	1239395	990146	2989401	1628321	1361080	2294398	1142971	1151427	316514	167639	148875	53736	29907	23829	121804	58416	63388
2019	35	  İzmir	3520951	1743246	1777705	51780	8097	43683	119440	27489	91951	740977	302806	438171	288276	168386	119890	610206	339685	270521	907880	490275	417605	692044	350613	341431	73113	36990	36123	15468	8273	7195	21767	10632	11135
2019	36	  Kars	206012	105871	100141	13956	1949	12007	10853	3532	7321	39766	17694	22072	19800	12162	7638	49664	29412	20252	43142	25563	17579	23793	12975	10818	1997	1203	794	618	375	243	2423	1006	1417
2019	37	  Kastamonu	312956	154410	158546	17375	2774	14601	19538	4862	14676	90078	39718	50360	28484	15551	12933	48599	27586	21013	65640	39558	26082	38049	21414	16635	3258	1930	1328	747	464	283	1188	553	635
2019	38	  Kayseri	1052658	523415	529243	28768	3068	25700	35294	6768	28526	216572	80230	136342	96286	56593	39693	213573	118985	94588	266762	151180	115582	165985	90990	74995	15847	8962	6885	3107	1948	1159	10464	4691	5773
2019	39	  Kırklareli	303348	154985	148363	5484	960	4524	7108	2188	4920	77903	32723	45180	29746	15862	13884	47730	27057	20673	82709	47252	35457	46829	25766	21063	3675	2078	1597	640	390	250	1524	709	815
2019	40	  Kırşehir	186294	91509	94785	6527	677	5850	7613	1743	5870	41407	15863	25544	15667	8660	7007	31484	17091	14393	49787	28170	21617	29051	16526	12525	2304	1450	854	660	435	225	1794	894	900
2019	41	  Kocaeli	1485321	748185	737136	31361	4128	27233	39256	8563	30693	255783	93537	162246	147455	80260	67195	299104	161302	137802	416286	242570	173716	258934	137572	121362	23930	13684	10246	3605	2144	1461	9607	4425	5182
2019	42	  Konya	1680400	825151	855249	39552	4956	34596	60622	11494	49128	436188	166444	269744	168155	93883	74272	338477	188729	149748	355325	201224	154101	234910	131132	103778	26517	16097	10420	5705	3717	1988	14949	7475	7474
2019	43	  Kütahya	470797	229520	241277	9890	1663	8227	24331	5956	18375	127661	46887	80774	48889	25052	23837	74954	40637	34317	111547	68309	43238	65129	36103	29026	5566	3378	2188	1170	763	407	1660	772	888
2019	44	  Malatya	611870	301750	310120	37144	5375	31769	23418	6269	17149	108128	41274	66854	51825	29158	22667	117680	66571	51109	159302	89962	69340	99758	54875	44883	8873	5370	3503	1761	1175	586	3981	1721	2260
2019	45	  Manisa	1140693	571018	569675	26583	3854	22729	51982	13541	38441	330581	142077	188504	119783	68477	51306	204194	113884	90310	239270	136251	103019	152972	84251	68721	10864	6277	4587	1723	1073	650	2741	1333	1408
2019	46	  K.Maraş	827972	418894	409078	45887	7477	38410	37097	10558	26539	160988	65520	95468	92883	53381	39502	190931	106325	84606	179409	106989	72420	101841	57579	44262	9359	6050	3309	1557	1063	494	8020	3952	4068
2019	47	  Mardin	552341	274533	277808	52714	8252	44462	40834	10753	30081	74067	33925	40142	46116	25345	20771	149105	82794	66311	112996	68193	44803	62852	38098	24754	4497	3214	1283	430	292	138	8730	3667	5063
2019	48	  Muğla	785799	401011	384788	12236	1858	10378	19440	5104	14336	191806	84722	107084	64670	38363	26307	128862	73011	55851	197952	109454	88498	147442	76370	71072	12680	6745	5935	2596	1516	1080	8115	3868	4247
2019	49	  Muş	266974	136166	130808	21686	3367	18319	23402	7337	16065	35413	17812	17601	25598	15640	9958	77802	41631	36171	52958	31972	20986	25973	16170	9803	1749	1230	519	396	303	93	1997	704	1293
2019	50	  Nevşehir	233347	113877	119470	7005	652	6353	7723	1645	6078	57632	23005	34627	23641	12669	10972	44666	24931	19735	56020	31304	24716	31435	16774	14661	2530	1503	1027	683	397	286	2012	997	1015
2019	51	  Niğde	274987	136880	138107	9876	965	8911	9907	2311	7596	65757	27614	38143	30612	17657	12955	59527	33472	26055	60941	34425	26516	33702	17694	16008	2975	1788	1187	840	521	319	850	433	417
2019	52	  Ordu	605980	300833	305147	38056	6426	31630	44465	11406	33059	138025	65745	72280	52544	29464	23080	109515	61406	48109	136333	79480	56853	76710	41183	35527	5588	3306	2282	1049	645	404	3695	1772	1923
2019	53	  Rize	279114	138825	140289	10000	877	9123	13314	1756	11558	56190	24966	31224	24892	14420	10472	49668	26716	22952	76698	44021	32677	42702	22931	19771	3557	2039	1518	785	512	273	1308	587	721
2019	54	  Sakarya	790385	393124	397261	21527	2804	18723	21160	5207	15953	179266	70119	109147	73637	40571	33066	148255	81278	66977	214448	122209	92239	112497	59931	52566	10968	6416	4552	2354	1547	807	6273	3042	3231
2019	55	  Samsun	1052949	517502	535447	27336	4364	22972	69467	17949	51518	245610	108253	137357	97042	55111	41931	190119	103823	86296	238597	129977	108620	161635	85343	76292	13916	7799	6117	2911	1780	1131	6316	3103	3213
2019	56	  Siirt	216459	110917	105542	18769	2746	16023	16511	4328	12183	23621	10014	13607	17750	10441	7309	64675	35620	29055	45149	28606	16543	26647	17102	9545	1770	1321	449	399	296	103	1168	443	725
2019	57	  Sinop	180007	89300	90707	7703	1428	6275	10699	3121	7578	51930	23154	28776	18953	10548	8405	29218	16685	12533	34752	19480	15272	22996	12827	10169	1643	954	689	470	271	199	1643	832	811
2019	58	  Sivas	502534	249691	252843	27629	3703	23926	22550	6579	15971	102653	42613	60040	41850	22346	19504	96255	54047	42208	127131	73831	53300	70385	39071	31314	6581	3905	2676	1637	999	638	5863	2597	3266
2019	59	  Tekirdağ	824100	424051	400049	12330	2017	10313	23461	6100	17361	172234	69474	102760	98200	53955	44245	164090	91111	72979	216812	128777	88035	120521	63812	56709	10047	5603	4444	1668	992	676	4737	2210	2527
2019	60	  Tokat	487581	240646	246935	14539	2478	12061	38461	10936	27525	119327	47794	71533	48302	26268	22034	90953	50907	40046	104576	61046	43530	63228	36419	26809	5272	3272	2000	1193	764	429	1730	762	968
2019	61	  Trabzon	641004	314804	326200	27334	3011	24323	31911	6701	25210	123266	51821	71445	46381	26736	19645	103216	56912	46304	182134	100878	81256	108687	58812	49875	9965	5656	4309	2665	1677	988	5445	2600	2845
2019	62	  Tunceli	71981	39463	32518	4629	739	3890	2909	794	2115	11786	5728	6058	5055	2888	2167	10729	6662	4067	20974	13332	7642	13815	8132	5683	943	536	407	220	145	75	921	507	414
2019	63	  Şanlıurfa	1247718	622120	625598	118774	15435	103339	127927	32730	95197	172831	81654	91177	117030	79093	37937	367904	205955	161949	205699	126718	78981	115990	69164	46826	9091	6283	2808	1350	945	405	11122	4143	6979
2019	64	  Uşak	294274	144720	149554	6217	807	5410	14008	3094	10914	71492	29442	42050	36604	20224	16380	51532	28504	23028	68524	37779	30745	39409	21254	18155	3318	1933	1385	805	505	300	2365	1178	1187
2019	65	  Van	745755	378330	367425	53945	8139	45806	79465	19982	59483	106689	46878	59811	70750	46072	24678	206108	118927	87181	138583	84453	54130	78223	47030	31193	6884	4866	2018	1368	971	397	3740	1012	2728
2019	66	  Yozgat	326685	161747	164938	14629	2223	12406	17058	5430	11628	84389	33707	50682	28574	14997	13577	61269	34245	27024	73850	44746	29104	36582	20966	15616	2855	1872	983	642	400	242	6837	3161	3676
2019	67	  Zonguldak	486782	239710	247072	26418	2963	23455	18797	3781	15016	120072	49313	70759	49892	30348	19544	77824	42726	35098	121267	72073	49194	63295	33699	29596	5292	2873	2419	1115	642	473	2810	1292	1518
2019	68	  Aksaray	302658	148596	154062	13555	1494	12061	11826	3366	8460	70646	28750	41896	34569	19144	15425	66706	36828	29878	61902	35482	26420	34773	18589	16184	3372	2132	1240	735	459	276	4574	2352	2222
2019	69	  Bayburt	67553	34211	33342	3109	315	2794	2639	722	1917	12596	4962	7634	6232	3121	3111	12371	7194	5177	19790	11186	8604	8986	5620	3366	787	505	282	277	203	74	766	383	383
2019	70	  Karaman	195449	96969	98480	4513	684	3829	6138	1791	4347	48061	19467	28594	24181	12985	11196	38559	20985	17574	42453	23393	19060	26840	14951	11889	2211	1370	841	487	316	171	2006	1027	979
2019	71	  Kırıkkale	224589	111876	112713	7696	775	6921	7311	1503	5808	42154	14263	27891	18420	8894	9526	41672	22369	19303	70476	42305	28171	32537	19119	13418	2962	1909	1053	507	363	144	854	376	478
2019	72	  Batman	401092	200454	200638	25777	3947	21830	26275	6210	20065	42425	16337	26088	39508	22292	17216	113284	61800	51484	94086	54452	39634	52104	30930	21174	3989	2946	1043	471	337	134	3173	1203	1970
2019	73	  Şırnak	334581	177726	156855	25736	3801	21935	23414	6208	17206	31444	15575	15869	21672	12232	9440	112974	63498	49476	74598	47589	27009	37319	24977	12342	1965	1521	444	218	162	56	5241	2163	3078
2019	74	  Bartın	164330	80413	83917	7079	1368	5711	10491	2133	8358	39888	17491	22397	21449	12630	8819	27268	14320	12948	35724	20079	15645	19156	10543	8613	1628	980	648	410	270	140	1237	599	638
2019	75	  Ardahan	76429	40011	36418	4955	711	4244	3304	1132	2172	17357	7688	9669	7368	4297	3071	16452	9727	6725	16340	10370	5970	8885	5131	3754	753	506	247	195	131	64	820	318	502
2019	76	  Iğdır	139221	71553	67668	10800	1653	9147	10514	3925	6589	20531	10979	9552	14502	8488	6014	34077	20106	13971	27923	15409	12514	17283	9130	8153	1265	790	475	277	198	79	2049	875	1174
2019	77	  Yalova	198251	98635	99616	3946	538	3408	5256	1218	4038	39253	15136	24117	16022	8817	7205	36589	19806	16783	54896	30179	24717	35339	19202	16137	3443	1941	1502	585	408	177	2922	1390	1532
2019	78	  Karabük	200335	98308	102027	9271	1233	8038	7115	1566	5549	42918	17660	25258	18379	9613	8766	30010	16734	13276	55465	31541	23924	33110	17612	15498	2771	1589	1182	742	530	212	554	230	324
2019	79	  Kilis	100635	50839	49796	3710	719	2991	4103	1251	2852	13706	6207	7499	13008	6626	6382	26954	14506	12448	23051	12303	10748	13335	7689	5646	986	650	336	223	150	73	1559	738	821
2019	80	  Osmaniye	395054	198367	196687	20499	2998	17501	12410	3540	8870	69779	27015	42764	37753	22068	15685	85270	47223	38047	101548	57741	43807	59210	32979	26231	4063	2602	1461	500	312	188	4022	1889	2133
2019	81	  Düzce	306298	152446	153852	9434	1237	8197	12216	2570	9646	65945	26620	39325	35100	20085	15015	53776	28975	24801	79532	46050	33482	43570	23184	20386	3828	2167	1661	906	591	315	1991	967	1024
